levelData=[1,1,1,1,1,1,1,1,1,1,1,1,1,1,1,1,1,1,1,1,1,1,1,1,1,1,1,1,1,1,1,1,1,19{inputs:1.0 3.0 3.0 9.0},1,1,19{inputs:4.0 3.0 7.0 9.0},1,1,1,1,1,1,1,1,1,1,1,19{inputs:1.0 2.0 1.0 9.0},0,0,19{inputs:4.0 2.0 5.0 9.0},0,0,0,1,0,0,0,0,0,1,1,0,0,0,0,0,0,0,1,0,0,0,0,0,1,1,0,0,0,0,0,0,0,1,0,0,0,0,0,1,1,0,0,0,0,0,0,0,1,0,0,0,18{inputs:1.0 3.0 4.0 3.0},0,1,1,0,0,21,1,21{inputs:12.0 6.0},0,0,1,0,0,0,24,0,1,1,0,0,0,1,0,0,0,1,0,0,0,0,0,1,1,20,0,20,1,20,0,20,1,0,0,0,0,0,1,1,1,1,1,1,1,1,1,1,1,1,1,1,1,1]
thumbnail=[0,0,0,0,0,0,0,0,0,0,0,0,0,0,0,0,0,0,0,0,0,0,0,0,0,0,0,0,0,0,0,0,0,0,0,0,0,0,0,0,0,0,0,0,0,0,0,0,0,0,0,0,0,0,0,0,0,0,0,0,0,0,0,0,0,0,0,0,0,0,0,0,0,0,0,0,0,0,0,0,0,0,0,0,0,0,0,0,0,0,0,0,0,0,0,0,0,0,0,0,0,0,0,0,0,0,0,0,0,0,1,1,1,1,1,1,1,1,1,0,0,0,0,0,0,0,0,1,1,1,1,1,1,1,1,1,0,0,0,0,0,0,0,0,1,19,1,1,19,1,1,1,1,0,0,0,0,0,0,0,0,1,19,0,0,19,0,0,0,1,0,0,0,0,0,0,0,0,1,0,0,0,0,0,0,0,1,0,0,0,0,0,0,0,0,1,0,0,0,0,0,0,0,1,0,0,0,0,0,0,0,0,1,0,0,0,0,0,0,0,1]
offset=[-19.37905604719764,-10.499999999999998]
name="A Simple Half-Adder"
