levelData=[1,1,1,1,1,1,1,9,1,1,1,9,1,1,1,1,1,1,0,0,0,0,0,1,7,1,0,0,0,0,0,1,1,0,0,0,0,0,1,0,0,0,0,0,0,0,1,1,9,11,11,11,11,11,9,1,11,11,11,11,11,1,1,0,10,10,10,10,0,0,0,0,0,0,0,0,1,1,0,0,0,0,0,9,0,0,0,0,0,0,0,1,1,11,11,11,11,11,0,10,10,10,10,10,10,10,1,1,0,0,0,0,0,0,0,0,0,0,0,0,0,1,1,3,3,3,3,11,10,11,3,3,3,3,3,3,1,1,2,10,10,10,10,10,3,3,3,3,3,3,3,1,1,1,1,1,1,1,1,1,1,1,1,1,1,1,1]
thumbnail=[0,10,10,10,10,0,0,0,0,0,0,0,0,1,0,0,0,0,0,0,0,0,9,0,0,0,0,0,0,0,1,0,0,0,11,11,11,11,11,0,10,10,10,10,10,10,10,1,0,0,0,0,0,0,0,0,0,0,0,0,0,0,0,0,1,0,0,0,3,3,3,3,11,10,11,3,3,3,3,3,3,1,0,0,0,2,10,10,10,10,10,3,3,3,3,3,3,3,1,0,0,0,1,1,1,1,1,1,1,1,1,1,1,1,1,1,0,0,0,0,0,0,0,0,0,0,0,0,0,0,0,0,0,0,0,0,0,0,0,0,0,0,0,0,0,0,0,0,0,0,0,0,0,0,0,0,0,0,0,0,0,0,0,0,0,0,0,0,0,0,0,0,0,0,0,0,0,0,0,0,0,0,0,0,0,0,0,0,0,0,0,0,0,0,0,0,0,0,0,0,0,0,0,0,0,0,0,0,0,0,0,0,0,0,0,0,0,0,0,0,0]
offset=[-1.245676500508647,-0.5000000000000003]
name="Untitled"
