levelData=[1,1,1,1,1,1,1,1,1,1,1,1,1,1,1,1,1,1,1,1,1,1,1,1,1,1,1,1,1,1,1,1,1,1,1,1,1,1,1,1,1,1,1,1,1,1,1,1,1,1,1,1,1,1,1,1,1,1,1,1,1,1,1,1,1,1,1,1,1,1,1,1,1,1,1,1,1,1,3,9,3,3,9,3,3,9,3,3,9,3,3,1,1,0,0,11,0,0,0,0,0,10,10,0,10,11,1,1,0,0,11,0,0,0,0,0,10,10,0,11,10,1,1,0,1,11,0,1,0,0,1,11,11,1,11,11,1,1,0,1,11,0,1,11,11,1,0,0,1,10,11,1,1,1,1,1,1,1,3,3,1,1,1,1,1,2,1]
thumbnail=[1,1,1,1,1,1,1,1,1,1,1,1,1,1,0,0,0,3,9,3,3,9,3,3,9,3,3,9,3,3,1,0,0,0,0,0,11,0,0,0,0,0,10,10,0,10,11,1,0,0,0,0,0,11,0,0,0,0,0,10,10,0,11,10,1,0,0,0,0,1,11,0,1,0,0,1,11,11,1,11,11,1,0,0,0,0,1,11,0,1,11,11,1,0,0,1,10,11,1,0,0,0,1,1,1,1,1,3,3,1,1,1,1,1,2,1,0,0,0,0,0,0,0,0,0,0,0,0,0,0,0,0,0,0,0,0,0,0,0,0,0,0,0,0,0,0,0,0,0,0,0,0,0,0,0,0,0,0,0,0,0,0,0,0,0,0,0,0,0,0,0,0,0,0,0,0,0,0,0,0,0,0,0,0,0,0,0,0,0,0,0,0,0,0,0,0,0,0,0,0,0,0,0,0,0,0,0,0,0,0,0,0,0,0,0,0,0,0,0,0,0]
offset=[-1.245676500508647,-0.5000000000000003]
name="Untitled"
