levelData=[1,1,1,1,1,1,9,1,1,1,1,1,1,1,1,1,1,1,7,1,11,0,10,1,3,3,3,3,3,3,3,1,1,0,1,11,0,10,1,0,0,0,0,0,0,0,1,1,0,1,11,1,10,1,0,0,0,0,0,0,0,1,1,0,1,11,1,10,1,0,0,0,0,0,0,0,1,1,0,1,11,1,10,1,0,0,0,0,0,0,0,1,1,0,1,11,1,10,1,0,0,0,0,0,0,0,1,1,0,9,11,1,10,1,0,0,0,0,0,0,0,1,1,0,0,11,1,10,0,0,0,0,0,0,0,0,1,1,0,0,11,1,10,0,0,0,0,0,0,0,0,2,1,1,1,1,1,1,1,1,1,1,1,1,1,1,1]
thumbnail=[0,1,11,1,10,1,0,0,0,0,0,0,0,1,0,0,0,0,1,11,1,10,1,0,0,0,0,0,0,0,1,0,0,0,0,1,11,1,10,1,0,0,0,0,0,0,0,1,0,0,0,0,9,11,1,10,1,0,0,0,0,0,0,0,1,0,0,0,0,0,11,1,10,0,0,0,0,0,0,0,0,1,0,0,0,0,0,11,1,10,0,0,0,0,0,0,0,0,2,0,0,0,1,1,1,1,1,1,1,1,1,1,1,1,1,1,0,0,0,0,0,0,0,0,0,0,0,0,0,0,0,0,0,0,0,0,0,0,0,0,0,0,0,0,0,0,0,0,0,0,0,0,0,0,0,0,0,0,0,0,0,0,0,0,0,0,0,0,0,0,0,0,0,0,0,0,0,0,0,0,0,0,0,0,0,0,0,0,0,0,0,0,0,0,0,0,0,0,0,0,0,0,0,0,0,0,0,0,0,0,0,0,0,0,0,0,0,0,0,0,0]
offset=[-1.245676500508647,-0.5000000000000003]
name="Untitled"
