levelData=[1,1,1,3,3,3,3,3,3,3,3,3,3,3,3,3,3,1,0,0,0,0,0,0,0,0,0,0,0,0,0,3,1,0,0,0,0,0,0,0,0,0,0,0,0,0,3,1,0,0,0,0,0,0,0,0,0,0,0,0,0,3,1,0,0,0,0,0,0,0,0,0,0,3,1,0,3,1,0,0,0,0,0,0,0,0,3,1,3,1,0,3,1,0,0,0,0,0,0,3,1,3,1,3,1,0,3,1,0,0,0,0,3,1,3,1,3,1,3,1,0,3,1,0,0,3,1,3,1,3,1,3,1,3,1,0,3,1,7,1,3,1,3,1,3,1,3,1,3,1,0,3,1,1,1,1,1,1,1,1,1,1,1,1,1,2,3]
thumbnail=[0,0,0,0,0,0,0,0,0,0,0,0,3,0,0,0,0,0,0,0,0,0,0,0,0,0,0,0,0,3,0,0,0,0,0,0,0,0,0,0,0,0,0,0,0,0,3,0,0,0,0,0,0,0,0,0,0,0,0,0,3,1,0,3,0,0,0,0,0,0,0,0,0,0,0,3,1,3,1,0,3,0,0,0,0,0,0,0,0,0,3,1,3,1,3,1,0,3,0,0,0,0,0,0,0,3,1,3,1,3,1,3,1,0,3,0,0,0,0,0,3,1,3,1,3,1,3,1,3,1,0,3,0,0,0,0,1,3,1,3,1,3,1,3,1,3,1,0,3,0,0,0,0,1,1,1,1,1,1,1,1,1,1,1,2,3,0,0,0,0,0,0,0,0,0,0,0,0,0,0,0,0,0,0,0,0,0,0,0,0,0,0,0,0,0,0,0,0,0,0,0,0,0,0,0,0,0,0,0,0,0,0,0,0,0,0,0,0,0,0,0]
offset=[-0.6355035605289917,-0.8686673448626641]
name="Untitled"
