levelData=[1,1,1,1,1,1,1,1,1,1,1,1,1,1,1,1,1,1,0,0,0,0,0,0,0,0,0,0,0,0,0,1,1,3,1,3,1,3,1,0,1,3,3,1,0,0,1,1,1,1,1,1,1,3,0,3,1,1,3,0,0,1,1,1,1,1,1,1,1,0,1,3,3,1,0,0,1,1,1,1,1,1,1,3,7,0,0,0,0,0,0,2,1,1,1,1,1,1,1,0,1,3,3,1,0,0,1,1,1,1,1,1,1,3,0,3,1,1,3,0,0,1,1,3,1,1,1,1,1,0,1,3,3,1,0,0,1,1,0,0,0,0,0,0,0,0,0,0,0,0,0,1,1,1,1,1,1,1,1,1,1,1,1,1,1,1,1]
thumbnail=[0,1,1,1,1,1,1,1,1,1,1,1,1,1,1,1,0,0,1,0,0,0,0,0,0,0,0,0,0,0,0,0,1,0,0,1,3,1,3,1,3,1,0,1,3,3,1,0,0,1,0,0,1,1,1,1,1,1,3,0,3,1,1,3,0,0,1,0,0,1,1,1,1,1,1,1,0,1,3,3,1,0,0,1,0,0,1,1,1,1,1,1,3,7,0,0,0,0,0,0,2,0,0,1,1,1,1,1,1,1,0,1,3,3,1,0,0,1,0,0,1,1,1,1,1,1,3,0,3,1,1,3,0,0,1,0,0,1,3,1,1,1,1,1,0,1,3,3,1,0,0,1,0,0,1,0,0,0,0,0,0,0,0,0,0,0,0,0,1,0,0,1,1,1,1,1,1,1,1,1,1,1,1,1,1,1,0,0,0,0,0,0,0,0,0,0,0,0,0,0,0,0,0,0,0,0,0,0,0,0,0,0,0,0,0,0,0,0,0,0,0]
offset=[-0.5972533062054961,-0.7889114954221783]
name="Untitled"
