levelData=[1,1,1,3,3,3,3,3,3,3,3,3,3,3,3,3,3,1,0,0,0,0,0,0,0,0,0,0,0,0,0,3,1,0,0,0,0,0,0,0,0,0,0,0,0,0,3,1,0,0,0,0,0,0,0,0,0,0,0,0,0,3,1,0,0,0,0,0,0,1,3,0,0,0,0,0,3,1,0,0,0,0,0,1,1,3,0,0,0,0,0,3,1,0,0,0,0,1,1,1,3,0,0,0,0,0,3,1,0,0,0,1,1,1,1,3,0,0,0,0,0,3,1,0,0,1,1,1,1,1,3,0,0,3,0,0,3,1,7,1,1,1,1,1,1,3,0,0,3,0,0,2,1,1,1,1,1,1,1,1,3,3,3,3,3,2,2]
thumbnail=[0,0,1,3,0,0,0,0,0,3,0,0,0,0,0,0,0,0,1,1,3,0,0,0,0,0,3,0,0,0,0,0,0,0,1,1,1,3,0,0,0,0,0,3,0,0,0,0,0,0,0,1,1,1,3,0,0,0,0,0,3,0,0,0,0,0,0,0,1,1,1,3,0,0,3,0,0,3,0,0,0,0,0,0,0,1,1,1,3,0,0,3,0,0,2,0,0,0,0,0,0,0,1,1,1,3,3,3,3,3,2,2,0,0,0,0,0,0,0,0,0,0,0,0,0,0,0,0,0,0,0,0,0,0,0,0,0,0,0,0,0,0,0,0,0,0,0,0,0,0,0,0,0,0,0,0,0,0,0,0,0,0,0,0,0,0,0,0,0,0,0,0,0,0,0,0,0,0,0,0,0,0,0,0,0,0,0,0,0,0,0,0,0,0,0,0,0,0,0,0,0,0,0,0,0,0,0,0,0,0,0,0,0,0,0,0,0,0,0,0,0]
offset=[-0.6282722513089005,-0.49999999999999906]
name="Untitled"
