levelData=[1,1,1,9,1,1,1,3,3,3,3,3,1,1,1,9,1,1,0,0,0,0,11,0,0,0,10,0,0,0,0,1,1,0,0,0,0,11,0,0,0,10,0,0,0,0,1,1,0,0,0,0,11,0,0,0,10,0,0,0,0,1,1,0,0,0,0,11,0,0,0,10,0,0,0,0,1,1,0,0,0,0,1,1,2,1,1,0,0,0,0,1,3,10,10,10,9,1,1,9,1,1,9,11,11,11,3,1,0,0,0,0,1,0,0,0,1,0,0,0,0,1,1,0,0,0,0,1,0,0,0,1,0,0,0,0,1,3,3,0,0,0,11,0,7,0,10,0,0,0,3,3,3,3,1,1,1,1,1,1,1,1,1,1,1,3,3]
thumbnail=[0,0,0,0,11,0,0,0,10,0,0,0,0,1,0,0,0,0,0,0,0,1,1,2,1,1,0,0,0,0,1,0,0,0,10,10,10,9,1,1,9,1,1,9,11,11,11,3,0,0,0,0,0,0,0,1,0,0,0,1,0,0,0,0,1,0,0,0,0,0,0,0,1,0,0,0,1,0,0,0,0,1,0,0,0,3,0,0,0,11,0,7,0,10,0,0,0,3,3,0,0,0,3,1,1,1,1,1,1,1,1,1,1,1,3,3,0,0,0,0,0,0,0,0,0,0,0,0,0,0,0,0,0,0,0,0,0,0,0,0,0,0,0,0,0,0,0,0,0,0,0,0,0,0,0,0,0,0,0,0,0,0,0,0,0,0,0,0,0,0,0,0,0,0,0,0,0,0,0,0,0,0,0,0,0,0,0,0,0,0,0,0,0,0,0,0,0,0,0,0,0,0,0,0,0,0,0,0,0,0,0,0,0,0,0,0,0,0,0,0,0]
offset=[-1.245676500508647,-0.5000000000000003]
name="Untitled"
