levelData=[1,1,1,1,1,1,1,1,1,1,1,1,1,1,1,1,1,1,1,1,1,1,1,1,1,1,1,1,1,1,1,1,1,1,1,1,1,1,1,1,1,1,1,1,1,1,1,1,1,1,9,3,9,3,9,3,3,3,3,1,1,1,1,1,1,0,11,0,10,0,11,0,0,3,1,1,1,1,1,1,0,11,0,10,0,11,0,0,3,1,1,1,1,1,1,0,11,0,10,0,11,0,0,3,1,1,1,1,1,1,0,11,0,10,0,11,0,0,2,1,1,1,1,1,1,1,1,1,1,11,1,1,1,1,1,1,1,1,1,1,1,1,1,1,3,1,1,1,1,1,1,1,1,1,1,1,1,1,1,1,1,1,1,1,1,1,1]
thumbnail=[1,1,0,11,0,10,0,11,0,0,3,1,1,1,0,0,0,1,1,0,11,0,10,0,11,0,0,3,1,1,1,0,0,0,1,1,0,11,0,10,0,11,0,0,3,1,1,1,0,0,0,1,1,0,11,0,10,0,11,0,0,2,1,1,1,0,0,0,1,1,1,1,1,1,11,1,1,1,1,1,1,1,0,0,0,1,1,1,1,1,1,3,1,1,1,1,1,1,1,0,0,0,1,1,1,1,1,1,1,1,1,1,1,1,1,1,0,0,0,0,0,0,0,0,0,0,0,0,0,0,0,0,0,0,0,0,0,0,0,0,0,0,0,0,0,0,0,0,0,0,0,0,0,0,0,0,0,0,0,0,0,0,0,0,0,0,0,0,0,0,0,0,0,0,0,0,0,0,0,0,0,0,0,0,0,0,0,0,0,0,0,0,0,0,0,0,0,0,0,0,0,0,0,0,0,0,0,0,0,0,0,0,0,0,0,0,0,0,0,0,0]
offset=[-1.245676500508647,-0.5000000000000003]
name="Untitled"
